	userId	Top 10 recommendations
0	471	1619,83,82,364,356,802,2571,307,1704,750
1	463	74,1968,1246,41,82,83,750,1200,337,364
2	833	1028,236,171,364,2028,41,34,83,82,1073
3	496	364,1028,82,83,1073,199,236,1968,750,2028
4	148	82,83,750,307,471,1200,1438,364,1246,1968
5	540	364,82,83,2028,171,41,1246,236,899,750
6	392	82,83,1619,5952,750,364,1200,1968,471,2571
7	243	106,1246,246,1438,307,1200,82,83,223,337
8	623	171,101,364,7,82,83,2070,2333,236,968
9	737	1210,1286,260,750,5952,3949,1136,608,955,910
10	897	1060,50,953,178,307,1089,471,898,1704,300
11	858	171,101,1028,1,2028,17,1240,7,1073,199
12	31	82,83,1246,1653,1035,364,150,1968,588,223
13	516	83,82,364,610,1246,750,337,223,1200,5952
14	580	1246,82,83,364,1968,1438,141,588,858,471
15	251	171,101,7,364,2333,2070,236,968,82,83
16	451	1619,170,1772,1965,82,83,58559,364,6535,2571
17	85	171,101,17,7,28,1041,74,337,232,41
18	137	83,82,364,307,1619,750,471,141,5952,1200
19	808	5952,750,1210,608,260,82,83,1286,3949,955
20	883	307,750,50,82,83,471,1438,1704,953,1619
21	65	48780,7153,33679,59315,72630,72378,2571,83,82,6535
22	458	82,83,364,5952,1968,1619,1200,750,2571,307
23	879	82,83,1619,364,1035,6535,58559,2571,5952,1270
24	970	2501,1619,802,2571,1193,471,914,83,82,318
25	481	82,83,307,750,471,1438,141,364,372,1200
26	53	912,910,608,1208,1286,1210,750,260,5952,1136
27	804	1286,1210,520,1136,910,2762,260,586,3949,955
28	255	307,471,50,750,154,1438,953,337,1200,1968
29	588	171,83,82,364,41,750,924,1200,1968,141
30	898	1619,356,82,83,2959,802,170,1721,1270,2571
31	799	1197,3481,3408,6535,1035,82,83,1265,1270,1097
32	472	82,83,364,1653,1246,1968,750,337,1200,223
33	133	106,74,246,83,82,1968,307,364,1200,750
34	853	6,345,112,1246,337,1653,1968,123,1200,41
35	296	2028,608,307,364,1961,471,750,223,2692,141
36	322	106,74,246,16,17,171,94,58559,364,1653
37	513	364,899,2028,608,83,82,750,2571,5952,41
38	78	82,83,1968,364,307,750,1246,471,372,223
39	918	106,246,364,83,82,1035,58559,1246,2124,223
40	321	83,82,106,364,1968,246,750,307,1200,1246
41	961	34,106,246,1246,83,82,13,262,236,62
42	362	1619,83,82,364,356,2959,2571,5952,802,750
43	613	106,16,246,307,608,1968,223,41,199,750
44	633	74,82,83,1968,364,1246,924,41,750,1200
45	673	82,83,364,1968,1653,750,1200,106,1035,307
46	974	588,82,83,337,1619,364,471,307,1968,1200
47	857	83,82,750,372,924,1968,665,1200,610,307
48	593	2028,608,1028,1,364,899,199,1240,750,171
49	375	154,665,750,307,50,608,32,372,47,1200
50	876	171,364,82,83,101,41,337,74,858,7
51	976	1246,106,83,82,1968,364,246,858,41,112
52	597	29,665,154,74,924,307,750,1200,41,372
53	950	74,364,82,83,1968,750,1246,223,41,608
54	683	2028,1,199,1028,608,364,171,1240,41,223
55	744	1035,82,83,364,1619,1653,5952,150,1097,58559
56	155	665,83,82,750,307,924,1200,41,608,1968
57	108	307,1200,750,83,82,1968,1246,1438,154,665
58	530	85,58,307,364,750,610,608,82,83,223
59	211	364,83,82,750,2028,608,1968,1246,199,223
60	642	750,41,665,307,924,82,83,1968,1200,154
61	193	74,83,82,1968,750,364,1246,41,1200,924
62	34	154,307,471,665,82,83,296,1968,1246,1438
63	796	307,608,750,11,58,364,665,83,82,1653
64	368	154,227,608,665,750,1968,307,296,1200,899
65	101	1136,47,1200,1438,106,910,175,246,307,1968
66	772	171,101,2028,364,1028,199,1,7,223,41
67	115	83,82,1619,364,356,802,1704,307,2571,750
68	126	471,2692,527,1619,802,2571,1704,307,5952,1438
69	756	82,83,106,246,1968,307,1200,74,364,750
70	830	2028,1028,1,364,236,199,2333,2070,1073,171
71	81	1213,318,914,802,2571,1221,3578,1619,471,1961
72	874	1619,802,2571,471,2692,527,914,1704,318,82
73	385	82,83,364,41,1246,1968,1200,34,750,74
74	847	6,41,1041,199,1,2028,1246,345,364,253
75	939	83,82,171,364,41,1968,223,141,1246,750
76	210	364,83,82,1101,369,370,610,105,3,750
77	183	83,82,364,750,1653,1968,1200,610,1246,150
78	436	608,750,154,471,199,307,665,337,899,364
79	28	750,665,924,307,41,82,83,1200,364,154
80	762	2496,2539,2505,2447,920,58559,1968,83,82,585
81	596	82,83,750,1200,307,5952,1968,608,471,1438
82	497	1,2028,1028,171,236,1240,199,202,760,592
83	300	1286,586,1210,260,520,1136,910,2762,3949,955
84	412	802,1619,2571,914,318,471,1213,1221,307,2692
85	842	34,262,106,246,82,83,524,1035,36,41
86	784	1619,82,83,194,1193,2571,802,58559,471,5952
87	406	2692,1619,471,527,5952,750,608,1704,2571,58559
88	787	106,246,94,16,74,82,83,307,364,1035
89	731	171,1041,41,364,83,82,337,858,1246,101
90	587	6,345,112,1653,1246,337,10,588,150,223
91	988	750,5952,260,1210,608,912,83,82,3949,910
92	723	154,665,83,82,307,608,1968,471,5952,296
93	914	58,307,608,750,364,154,665,85,82,83
94	76	750,307,665,1200,924,154,608,83,82,1968
95	667	830,1246,858,74,83,82,1968,1047,524,236
96	688	307,750,1200,1438,1968,608,1136,83,82,47
97	501	11,639,1653,58559,372,150,1035,307,608,912
98	332	337,83,82,588,471,345,924,194,1619,364
99	26	307,750,665,154,1438,50,1200,471,372,924
100	626	82,83,364,171,1619,337,141,223,2571,908
101	27	408,1619,356,2959,170,1721,83,82,1682,4973
102	577	41,231,83,82,1702,1091,364,924,1041,307
103	831	1619,802,318,914,2571,1213,471,1221,307,1704
104	384	1968,82,83,1200,1246,750,307,364,337,471
105	271	5952,2571,471,802,608,1619,307,2692,1221,83
106	811	364,750,82,83,1968,1246,41,223,608,1200
107	192	307,471,802,1221,1619,2571,50,318,1438,914
108	743	1286,1210,3949,5952,910,260,1196,1136,955,82
109	44	5952,83,82,2571,1619,750,802,364,541,58559
110	844	74,82,83,364,924,1968,1246,750,2070,2333
111	606	83,82,750,364,610,2571,5952,924,307,899
112	916	471,1619,83,82,307,802,1438,2692,1704,364
113	908	1619,83,82,2959,1704,802,2571,364,2692,1270
114	159	82,83,123,1968,364,1619,1200,110,1246,750
115	253	307,471,82,83,1619,802,1438,2571,1704,750
116	806	307,83,82,471,154,1619,665,1438,1200,750
117	460	82,83,1200,307,750,1968,610,1438,471,1246
118	103	82,83,1035,123,5952,1619,364,1968,1200,2571
119	236	83,82,364,1968,1619,1200,750,899,5952,141
120	329	1653,1035,150,364,1079,1968,11,83,82,1200
121	350	154,307,665,608,1968,296,1200,750,471,82
122	12	2028,1,1028,199,223,1968,171,608,364,41
123	973	154,307,665,1200,750,1968,471,82,83,608
124	984	82,83,364,1619,5952,610,2571,141,1968,750
125	336	1093,1208,616,924,74,830,74688,58559,337,83
126	860	364,1968,1246,82,83,750,608,1200,18,307
127	223	307,50,1438,953,1704,471,750,1200,293,802
128	738	6,112,1968,364,1246,41,337,2028,858,223
129	602	307,471,50,750,1438,802,1704,953,83,82
130	417	106,246,83,82,213,1619,307,1246,1438,58559
131	388	178,171,101,83,82,1619,2571,364,1265,858
132	548	82,83,364,141,750,1246,1438,924,610,2571
133	91	2571,1619,82,83,802,908,471,914,318,5952
134	663	41,2028,364,608,199,1968,6,1,223,750
135	926	82,83,364,1968,750,141,1619,1200,5952,899
136	578	82,83,750,364,1968,1246,1200,372,610,5952
137	409	364,83,82,750,1246,141,2333,2070,899,2028
138	822	83,82,1246,364,2333,2070,968,858,141,58559
139	333	83,82,364,141,1246,2333,2070,924,750,1438
140	707	2028,364,199,608,1,1028,750,899,223,171
141	601	82,83,364,1619,750,1968,5952,471,1200,58559
142	222	110,123,1704,293,1968,1200,471,154,1619,83
143	285	83,82,364,106,750,1968,1200,307,246,1653
144	875	18,1968,74,1246,83,82,665,750,1200,307
145	330	83,82,364,588,307,1619,471,750,337,1968
146	22	83,82,123,1035,364,1653,1246,610,5952,185
147	372	364,83,82,1246,2333,2070,141,858,899,968
148	604	1041,307,154,665,231,50,32,41,314,1091
149	685	337,1101,364,1246,223,610,3,14,370,30
150	995	750,154,665,41,924,1200,1968,608,337,6
151	727	83,82,364,2333,2070,1246,74,968,750,236
152	128	750,83,82,1200,5952,608,307,1136,3949,1968
153	209	912,750,608,5952,1619,2571,899,471,364,58559
154	230	2028,364,199,41,750,171,608,1968,899,1
155	122	171,1035,1653,150,106,1265,101,364,1079,58559
156	493	307,471,223,337,1968,83,82,1438,154,364
157	625	83,82,223,364,588,1246,17,74,471,337
158	686	608,364,750,2028,899,199,83,82,955,1968
159	319	74,83,82,364,1968,750,924,337,1246,471
160	190	750,82,83,307,1968,1200,364,665,608,924
161	232	39,595,74,1246,364,1257,1291,1968,57,222
162	93	82,83,1619,471,307,1704,802,1968,1200,2571
163	233	236,1,1028,171,2028,199,1240,2333,2070,1073
164	924	2028,1,1028,364,608,199,171,1968,223,750
165	225	1619,82,83,170,356,364,802,2959,2571,1704
166	157	40,912,908,1208,82,83,6535,307,471,337
167	758	82,83,5952,750,1200,1968,364,3949,1619,541
168	360	83,82,364,610,370,750,1101,5952,223,3
169	861	83,82,364,307,750,1968,471,1200,1246,5952
170	725	1438,83,82,1619,899,1200,750,5952,2571,471
171	855	106,246,213,417,162,1619,58559,83,82,1438
172	246	750,178,50,82,83,1060,471,1438,307,1619
173	346	471,307,1619,802,83,82,1438,1704,2571,337
174	476	83,82,1619,364,2571,58559,6535,5952,802,1270
175	367	74228,38061,96610,48774,83,82,1208,1619,58559,307
176	539	82,83,364,750,1246,74,610,924,1968,2333
177	599	28,1041,74,232,17,26,41,924,230,83
178	111	364,1968,608,2028,750,83,82,1246,199,223
179	224	750,665,924,307,154,83,82,41,1200,608
180	654	2028,171,199,364,608,1,1028,750,41,899
181	519	83,82,364,750,106,1200,1968,223,1246,610
182	47	74,82,83,25,1246,924,1619,1968,2571,2333
183	140	82,83,123,1704,110,1619,1968,1200,5952,750
184	711	1136,750,1286,910,1968,1210,1200,82,83,955
185	416	82,83,364,1246,141,1619,1968,750,5952,1200
186	556	1619,2692,471,802,1704,2571,527,307,82,83
187	177	83,82,364,1619,5952,750,2959,2571,141,356
188	827	154,307,665,1968,82,83,1200,750,471,778
189	671	21,41,1968,112,337,1438,1246,364,1200,171
190	132	364,2028,199,223,1028,608,171,83,82,899
191	152	608,750,199,50,154,2028,307,30,58,471
192	444	1682,1619,356,83,82,170,1721,364,2571,802
193	665	5952,1210,260,1286,3949,608,750,955,82,83
194	882	74,41,1246,83,82,364,1968,21,337,1438
195	353	30,364,199,223,750,1246,608,2028,9,41
196	694	2028,1,199,364,171,1028,608,41,223,1968
197	185	74,83,82,924,364,750,1968,1246,141,2070
198	305	307,471,750,50,83,82,1438,1704,802,1619
199	355	750,364,307,1968,608,83,82,41,1200,223
200	696	83,82,750,364,307,1200,1968,1246,588,223
201	747	83,82,1968,665,364,1246,610,307,750,1200
202	618	83,82,1968,589,80489,364,924,1200,610,750
203	291	82,83,364,1968,750,1619,1200,5952,141,307
204	325	1246,1968,6,83,82,750,337,1200,307,364
205	955	2571,83,82,5952,802,750,471,307,1619,908
206	386	1028,2028,364,171,1653,150,1,1073,1035,199
207	906	83,82,750,364,1438,1246,141,1200,1968,307
208	660	106,246,1438,307,1246,83,82,1200,1968,364
209	581	750,608,364,665,307,83,82,154,2028,1968
210	912	82,83,750,1200,364,1968,1246,307,223,610
211	473	82,83,750,1246,372,788,924,1968,22,364
212	603	1246,1968,1136,1286,1210,750,82,83,446,1200
213	774	5349,2340,3793,2706,2572,1968,2485,1200,82,83
214	435	83,82,364,1246,41,1968,74,1200,750,34
215	935	83,82,750,610,364,1246,74,1968,924,223
216	748	665,307,750,83,82,471,924,608,154,1200
217	704	83,82,1619,2571,802,471,1704,307,5952,1438
218	146	364,1566,446,2959,82,83,3988,4700,4447,1257
219	512	665,750,924,83,82,73,307,364,610,608
220	797	58559,17,74,364,82,83,908,1619,2571,28
221	259	750,364,1968,608,82,83,1200,41,665,899
222	1	154,665,307,296,778,371,1017,1968,471,1200
223	206	82,83,364,750,610,1246,1653,223,1968,150
224	896	364,1246,1968,83,82,223,750,307,2028,608
225	770	29,665,154,307,750,608,924,372,1200,296
226	52	1246,1968,83,82,1200,364,610,750,471,1438
227	363	123,82,83,110,5952,1968,1200,3949,1704,750
228	297	364,750,1968,608,1246,41,82,83,2028,899
229	777	1619,83,82,5952,2571,364,750,58559,802,899
230	768	750,608,364,1200,307,1968,82,83,41,1246
231	212	428,82,83,1246,1968,58559,233,223,364,337
232	992	83,82,364,750,1968,223,307,58559,1200,337
233	674	802,318,2571,914,1619,1213,1221,2692,3578,5952
234	715	18,1968,74,665,1246,154,750,307,608,1200
235	631	83,82,123,1246,364,5952,588,1035,1704,110
236	274	307,1438,750,82,83,471,1200,1619,1246,858
237	182	1210,5952,1286,260,608,750,3949,955,910,82
238	442	83,82,364,1035,1653,150,1619,1968,5952,1200
239	792	1286,1210,733,718,260,586,3949,910,2762,5952
240	689	308,407,785,288,307,5349,2333,2070,1079,968
241	699	83,82,1619,524,364,750,141,307,5952,1200
242	280	74,1246,82,83,364,1968,337,223,924,41
243	440	1,2028,199,1028,30,608,223,1246,1240,364
244	13	82,83,364,750,1246,924,1968,41,1200,141
245	734	314,32,665,26,924,154,750,41,1041,29
246	218	83,82,1619,471,5952,1200,2571,1968,307,364
247	348	307,83,82,471,750,1200,1704,1619,1438,1968
248	760	22,788,82,83,750,446,1246,1136,924,910
249	474	83,82,750,1968,364,307,41,924,1200,1246
250	6	5952,2571,733,1619,802,2692,318,914,527,260
251	16	83,82,307,471,1619,802,1438,2571,1704,1221
252	86	171,2028,1,608,199,364,41,1968,1028,1240
253	636	364,1246,171,1653,1079,370,236,2028,30,150
254	572	6,106,1968,337,1246,750,112,246,307,83
255	852	318,914,3578,1265,802,1221,2571,1213,1193,1619
256	205	83,82,364,1246,10,588,610,180,750,223
257	887	471,82,83,307,1619,802,5952,2571,1438,1704
258	168	82,83,750,1246,1968,1200,610,364,141,5952
259	142	6,1246,112,337,471,750,82,83,106,1438
260	972	307,83,82,471,750,1438,1200,1619,372,1704
261	3	307,750,83,82,471,608,1200,154,50,665
262	925	106,246,337,16,83,82,6,1200,750,307
263	178	58559,83,82,1619,5952,541,1200,2571,750,471
264	998	1101,370,3,369,364,82,83,610,1035,105
265	867	2571,802,318,914,1619,82,83,1265,5952,471
266	308	802,471,2571,1221,318,914,1619,307,1213,5952
267	328	82,83,364,750,1968,1653,1246,1200,610,223
268	20	5952,2571,1619,802,471,733,608,1221,307,1210
269	40	750,83,82,307,5952,471,1200,608,1619,2571
270	470	1210,1286,3949,5952,260,1196,910,955,608,83
271	164	337,2003,6535,82,83,1968,1200,1619,471,307
272	429	1619,2692,527,471,802,2571,58559,1438,1704,914
273	839	2028,236,1028,364,592,1,2070,2333,199,83
274	500	1208,912,910,608,58559,337,83,82,750,908
275	169	83,82,364,1968,750,1200,1619,141,610,5952
276	283	6535,6373,1270,1619,83,82,58559,2571,337,364
277	139	74,82,83,106,307,1968,246,364,1619,750
278	359	2028,1,608,1246,364,1968,199,1028,750,154
279	479	106,246,364,82,83,1246,2124,858,223,58559
280	340	17,364,28,74,223,82,83,199,58559,337
281	980	1246,82,83,858,364,193,1968,58559,1619,1566
282	431	1101,3,369,370,337,364,610,1246,750,223
283	881	83,82,364,1968,750,471,1619,1200,337,307
284	692	82,83,364,924,141,2070,2333,1438,750,524
285	295	83,82,337,588,364,1619,1968,58559,1200,750
286	250	83,82,364,1653,1246,223,588,150,750,1968
287	402	364,750,83,82,608,899,1968,5952,1200,1246
288	432	5952,2571,1619,802,471,608,733,83,82,899
289	582	364,2028,608,199,1968,750,1246,83,82,223
290	94	750,665,924,83,82,41,1200,307,1968,364
291	377	123,110,1704,82,83,1619,5952,1968,293,802
292	570	17,58559,28,364,908,337,223,83,82,750
293	920	83,82,364,1035,1653,150,1619,5952,610,750
294	57	750,608,1200,665,307,82,83,364,1968,41
295	868	154,307,1968,372,665,750,41,1438,1200,296
296	966	82,83,364,1653,750,1968,1035,150,1200,5952
297	647	41,665,924,750,1968,154,32,1200,364,29
298	292	307,50,471,154,750,665,1438,608,953,1200
299	923	83,82,1619,471,2571,802,5952,307,1704,750
300	983	106,246,16,74,307,82,83,1968,1200,750
301	944	665,924,750,41,32,154,307,83,82,608
302	306	82,83,307,1704,471,750,106,1619,1438,364
303	676	364,82,83,1653,1035,150,750,608,11,5952
304	339	1968,480,500,74,154,665,1080,608,83,82
305	919	171,154,41,665,307,16,32,924,750,29
306	120	364,1968,750,608,41,1246,899,199,82,83
307	54	337,83,82,364,171,74,1619,924,1968,750
308	559	83,82,1246,337,364,1968,41,750,1200,223
309	969	364,2028,199,171,82,83,223,1968,41,750
310	491	307,750,1200,1438,47,1136,608,1968,154,372
311	634	171,74,337,1041,83,82,41,364,101,924
312	646	154,307,665,1968,296,471,1200,82,83,750
313	620	82,83,364,750,1246,1968,924,1200,610,74
314	871	74,82,83,1968,307,364,106,1246,471,924
315	235	202,253,364,41,171,39,199,236,223,1968
316	545	41,1041,750,924,82,83,1246,1968,364,1438
317	96	2028,1,1028,199,364,236,1073,592,171,2070
318	776	82,83,307,1968,1246,750,1200,364,471,372
319	846	106,1968,307,246,82,83,750,1200,1246,665
320	840	6,1968,41,74,154,112,471,1246,337,307
321	452	83,82,1246,364,1968,858,1619,58559,610,1200
322	732	2028,1,1028,199,1240,364,608,171,236,592
323	650	5952,3949,1210,83,82,1286,750,260,1196,608
324	544	955,215,1200,608,1968,750,1136,83,82,910
325	266	5952,1619,83,82,2571,471,750,307,1200,608
326	507	288,407,785,2070,2333,968,474,5349,140,307
327	48	16,6,106,154,246,307,471,345,1968,112
328	191	68791,1246,1968,82,83,6535,1200,5952,123,364
329	163	82,83,364,1200,1619,750,1968,5952,1246,2571
330	5	924,750,74,314,36,262,83,82,2333,2070
331	268	41,1246,1438,750,1968,372,471,1200,74,924
332	258	2333,2070,83,82,968,924,364,750,141,524
333	279	74,595,471,1246,307,908,372,82,83,58559
334	709	83,82,364,74,1246,610,1968,1035,223,106
335	959	74,1246,1968,82,83,924,41,750,364,1200
336	729	1438,307,750,1200,1136,82,83,1968,471,608
337	430	171,1041,29,14,74,41,337,30,17,471
338	754	82,83,41,750,364,1968,1200,1246,307,1438
339	397	307,1438,471,1200,82,83,750,1619,1704,802
340	19	123,82,83,1619,1968,1246,364,5952,1200,1704
341	989	82,83,1619,307,471,750,802,1438,364,2571
342	560	1210,1286,260,5952,3949,608,1136,750,955,1196
343	92	750,471,154,1704,307,665,82,83,1200,1968
344	542	307,1438,750,50,1200,471,154,47,372,953
345	553	364,82,83,750,1968,1246,2028,899,223,1200
346	836	2028,1028,171,364,236,1,199,2070,2333,1073
347	419	1059,750,364,912,5952,1127,1619,83,82,608
348	780	154,307,665,296,371,778,1017,471,1968,224
349	415	802,318,471,2571,914,1619,1221,1438,307,82
350	641	1438,83,82,41,1246,364,372,1200,1968,750
351	644	364,82,83,750,1968,223,1246,2028,1200,588
352	826	1968,215,750,83,82,1200,307,608,1438,364
353	257	307,750,1438,364,82,83,1200,608,106,1619
354	299	154,471,307,342,665,924,1968,74,337,1246
355	64	5952,2571,608,1619,802,899,750,83,82,471
356	117	364,83,82,307,372,471,223,750,908,595
357	227	364,83,82,1653,150,750,2028,608,1968,223
358	579	750,82,83,307,471,1968,364,1200,1246,141
359	504	83,82,589,1968,80489,924,364,76,610,1200
360	554	288,407,785,2333,2070,968,474,58559,82,83
361	764	307,1200,1968,1438,750,1246,83,82,372,665
362	886	82,83,1968,106,307,1200,364,750,246,1619
363	936	2329,1682,318,914,3578,1213,356,802,1721,1961
364	598	1060,50,953,307,471,178,154,1438,1704,1221
365	41	1246,82,83,1968,364,41,74,750,337,1200
366	931	161,10,180,588,82,83,1246,471,610,1968
367	154	1286,1210,910,260,2762,3949,608,5952,1136,955
368	904	750,608,41,364,307,1200,1968,82,83,199
369	425	1619,802,914,2571,318,471,82,83,1221,1193
370	309	171,101,7,83,82,364,74,858,41,1619
371	484	364,83,82,1619,2028,370,610,899,2333,2070
372	455	82,83,364,750,610,1619,5952,141,1200,1968
373	347	1653,1035,83,82,150,135,364,1246,1265,6535
374	447	364,82,83,2028,223,750,199,608,899,1968
375	607	1041,171,41,2028,199,1,608,253,364,1028
376	43	2028,364,199,1,1028,608,171,750,41,236
377	15	82,83,364,750,1619,1968,1200,5952,541,141
378	845	608,28,1210,750,260,1041,899,364,912,955
379	511	1041,1208,912,41,750,1438,111,903,337,215
380	262	50,307,471,665,1060,750,83,82,953,924
381	929	82,83,1619,364,750,337,1438,899,912,307
382	112	1041,41,1246,171,14,364,82,83,28,17
383	269	1035,83,82,364,1653,150,1619,750,1200,1968
384	563	524,83,82,1689,1208,924,74,337,307,1619
385	615	1197,3578,1213,1265,318,914,802,2571,1221,1193
386	327	82,83,471,750,307,5952,1200,1619,2571,1438
387	849	1210,750,1286,260,608,1136,955,5952,3949,364
388	165	750,364,608,83,82,1968,41,471,1200,337
389	775	750,307,608,364,82,83,1200,471,141,1968
390	666	307,750,82,83,1200,608,471,364,665,141
391	843	307,154,471,665,750,1200,1704,1438,296,83
392	854	364,750,83,82,2028,608,1968,199,899,1246
393	366	83,82,471,1246,307,372,223,141,610,1619
394	358	608,750,1200,364,1968,1246,41,2028,307,199
395	590	1035,1653,82,83,364,150,1619,1968,1246,1097
396	862	1619,802,83,82,914,2571,318,356,1704,471
397	675	83,82,364,1968,1246,750,223,610,588,141
398	207	1438,1619,802,106,471,2571,1704,246,307,2692
399	179	106,74,1968,246,337,16,1246,6,307,83
400	189	665,750,307,154,924,608,83,82,1200,372
401	489	750,1200,1136,608,106,1968,82,83,5952,1210
402	383	74,41,750,83,82,924,1968,364,1041,337
403	37	307,750,83,82,665,1200,471,924,1968,1438
404	659	2333,2070,968,83,82,364,74,924,750,1968
405	61	82,83,364,750,1246,58559,610,372,307,5952
406	461	665,924,307,1438,471,154,1208,82,83,802
407	502	608,364,154,199,750,307,1968,471,41,2028
408	523	750,364,82,83,41,1968,1200,608,223,307
409	316	1619,83,82,1704,802,5952,364,2571,750,356
410	127	750,608,364,41,1200,1968,82,83,307,665
411	937	123,83,82,110,1704,1968,1619,1246,1200,750
412	819	83,82,1619,471,307,802,2571,1438,5952,1704
413	531	1653,1035,150,364,1265,2028,171,1968,1619,1079
414	903	750,82,83,5952,608,955,1200,1210,364,260
415	993	47,1136,307,154,1200,1438,750,106,608,246
416	486	1136,1286,260,1210,586,608,955,910,5952,912
417	197	1060,50,178,953,307,471,1221,1089,1704,802
418	88	1438,82,83,307,1619,471,1200,58559,802,750
419	979	83,82,364,1968,1619,1200,1246,750,5952,141
420	462	83,82,364,1968,1200,750,1246,223,141,307
421	547	1060,50,307,953,471,1221,178,1704,802,2692
422	318	82,83,364,1968,750,1246,1200,223,307,337
423	891	364,2028,82,83,1028,199,608,750,899,236
424	202	665,154,924,32,750,41,314,307,26,778
425	263	82,83,1619,364,2571,307,5952,802,471,750
426	374	106,246,82,83,307,74,364,750,1968,16
427	564	82,83,364,141,1704,2571,5952,588,1619,161
428	107	750,665,924,83,82,307,41,364,608,1200
429	619	750,1200,307,82,83,1968,1438,608,364,1246
430	231	106,74,246,16,94,307,171,58559,364,82
431	552	307,750,665,608,154,1041,41,1200,924,1438
432	17	5055,36086,588,1208,82,83,912,337,345,364
433	9	82,83,364,588,1246,141,610,750,1438,180
434	324	83,82,750,307,1200,364,1438,471,1968,223
435	586	1041,41,1208,924,912,1438,74,337,750,307
436	609	1,2028,1028,171,199,1240,236,608,364,1073
437	72	11,1653,1035,150,364,223,82,83,1079,1968
438	505	1619,83,82,2959,6535,364,1270,2571,4973,356
439	286	54281,54503,54745,60074,58559,82,83,337,1689,364
440	398	82,83,364,1246,750,141,1968,924,1438,610
441	538	337,471,1619,307,83,82,2571,5952,608,802
442	423	357,788,539,106,246,123,1438,83,82,307
443	175	11,1653,171,364,150,1079,1035,223,1968,106
444	695	364,1968,750,1246,41,83,82,223,608,1200
445	746	82,83,123,1035,364,1653,1968,150,5952,1619
446	387	5952,1210,608,750,260,1286,3949,83,82,2571
447	850	920,585,83,82,1968,1246,364,1200,1619,903
448	381	2028,608,364,899,199,750,1,41,171,223
449	721	1210,1286,260,5952,3949,733,1196,910,2762,1136
450	498	83,82,1619,471,2571,364,802,1438,5952,307
451	610	110,1968,262,1246,1200,1704,750,154,83,82
452	880	1257,1291,82,83,364,58559,1233,750,1619,1968
453	761	2571,59315,72630,72378,5952,83,82,1619,802,58559
454	503	307,471,50,1438,750,1704,953,802,83,82
455	583	307,154,608,1200,750,665,1968,471,5952,83
456	594	123,83,82,1968,5952,110,1200,3949,364,1619
457	614	82,83,1619,802,471,2571,1704,5952,307,1200
458	35	82,83,1035,364,1619,1200,150,1653,6535,58559
459	677	106,246,16,74,307,83,82,1968,1200,364
460	739	802,82,83,2571,5952,1619,471,1704,123,1968
461	310	154,307,665,608,750,1968,82,83,1200,471
462	870	1968,82,83,1200,750,608,5952,471,1246,665
463	900	750,608,1968,83,82,665,471,364,307,154
464	742	82,83,1968,1246,364,750,610,1200,372,223
465	485	2805,82,83,74,1968,1246,58559,610,364,924
466	568	2692,527,471,58559,1619,307,337,1175,2571,802
467	698	1968,82,83,1200,608,750,74,665,154,480
468	838	82,83,364,307,62,750,1619,58559,1200,471
469	834	171,199,41,2028,1041,1,154,1968,608,1028
470	196	154,307,50,665,750,471,608,953,372,1200
471	456	1060,178,50,953,1203,802,318,914,141,1221
472	437	82,83,364,34,1968,1246,106,246,1200,750
473	829	858,82,83,1246,1619,364,1438,524,74,802
474	290	154,307,665,1968,471,83,82,1200,750,296
475	800	1566,364,83,82,1257,1291,1246,446,337,6535
476	441	123,1200,1968,750,1246,110,106,145,83,82
477	733	1246,2028,364,2333,2070,608,199,750,968,899
478	884	110,123,82,83,1704,1619,293,471,141,1968
479	986	171,364,83,82,1028,2028,2070,2333,236,101
480	217	106,246,1968,74,307,83,82,1200,16,750
481	948	74,171,41,34,1968,364,82,83,36,1246
482	960	106,246,16,1968,307,83,82,1200,364,471
483	823	6,337,345,1246,112,41,1968,858,750,83
484	326	1619,307,83,82,471,802,1704,1438,364,2571
485	766	83,82,307,364,750,471,908,337,1200,223
486	307	82,83,123,1968,610,1246,364,1200,58559,541
487	537	83,82,750,665,924,364,1200,141,307,1968
488	229	171,41,199,364,1968,750,608,2028,337,223
489	220	5952,1210,733,260,3949,83,82,1286,2571,58559
490	810	318,914,802,1213,2571,3578,1221,1961,1265,1619
491	890	82,83,750,924,1968,1200,364,610,665,307
492	301	665,924,750,41,32,154,83,82,364,608
493	173	82,83,364,1619,1968,5952,750,1200,610,141
494	713	750,82,83,665,1200,1968,924,307,364,141
495	813	1619,1193,802,2571,194,471,5952,914,1438,58559
496	114	154,665,296,307,371,778,1017,1968,224,227
497	494	82,83,364,588,610,223,5952,1246,750,141
498	278	106,246,16,74,307,82,83,1968,1200,364
499	669	82,83,307,471,750,1619,364,1438,1200,2571
500	4	83,82,750,1200,1968,1619,364,307,58559,5952
501	684	82,83,1246,1968,610,1079,1200,58559,849,223
502	55	665,73,83,82,924,750,1619,364,74,5952
503	445	82,83,364,1619,5952,2571,1200,750,1968,471
504	59	750,1200,83,82,1438,1246,1136,1968,307,372
505	100	307,665,26,471,750,154,912,1438,83,82
506	450	74,924,750,665,307,82,83,1968,41,1041
507	930	1246,82,83,1968,1619,1200,307,1438,802,1704
508	241	307,1619,471,802,83,82,1438,2571,337,750
509	495	471,1619,364,307,2692,802,82,83,527,2571
510	717	750,5952,608,1210,82,83,260,955,1200,1286
511	757	106,246,16,307,74,94,82,83,1968,1200
512	8	1101,1246,82,83,370,610,1210,5952,1286,3
513	449	1961,154,471,307,1041,171,318,665,41,802
514	161	41,1968,1246,112,83,82,1200,364,337,106
515	555	1035,1653,83,82,150,364,1619,1246,1097,1265
516	687	1619,83,82,364,2959,356,802,2571,1270,5952
517	987	750,82,83,5952,471,307,1200,1619,608,364
518	981	82,83,307,364,750,1968,372,1438,1291,41
519	922	307,83,82,750,471,1438,1200,1619,364,1968
520	23	1101,1035,82,83,364,370,610,1210,750,5952
521	39	1619,2571,802,1193,5952,914,318,471,1213,83
522	679	154,307,665,296,778,471,1017,608,750,371
523	719	154,665,307,296,371,778,471,1017,1968,608
524	380	1619,83,82,2959,356,6535,1270,364,802,2571
525	520	292,314,924,665,154,74,32,337,41,1041
526	791	364,1028,2333,2070,82,83,2028,1968,199,236
527	672	82,83,1246,1968,175,1200,364,106,750,246
528	176	34,82,83,1968,307,41,106,246,364,1246
529	736	750,608,307,1200,1438,154,83,82,364,471
530	49	82,83,123,185,153,364,610,165,589,1246
531	629	1500,1320,1246,74,1968,82,83,6535,471,337
532	162	236,364,2028,171,1246,83,82,1028,41,858
533	514	83,82,307,750,588,364,665,610,106,154
534	7	58,307,82,83,364,85,750,223,610,58559
535	637	1246,1968,82,83,364,750,18,74,1200,610
536	877	82,83,1653,1035,150,364,750,5952,223,1246
537	549	608,750,1968,1200,5952,364,83,82,899,912
538	130	83,82,364,1619,5952,1968,141,2571,610,786
539	244	1041,41,74,337,1246,1438,750,1968,372,471
540	624	2028,16,608,171,1,106,364,246,1968,199
541	446	41,74,364,1246,1968,83,82,171,750,1041
542	238	154,307,471,665,802,296,318,914,1438,1704
543	648	750,1200,1438,307,1968,83,82,1246,41,372
544	958	2028,364,199,608,1,750,1028,899,83,82
545	720	261,2692,1619,527,337,2571,912,802,2959,471
546	1000	82,83,1200,750,307,1438,1968,1246,106,364
547	453	82,83,171,364,750,41,924,1968,1200,141
548	84	1041,41,750,1438,608,307,199,1136,1200,372
549	136	83,82,364,74,58559,223,750,908,610,337
550	856	364,2028,83,82,750,899,307,608,41,1619
551	691	74,788,1208,22,82,83,912,230,750,1041
552	314	83,82,364,1438,1246,141,924,750,372,2333
553	664	82,83,364,750,1246,141,1968,610,1200,307
554	824	154,307,665,296,50,778,371,471,1017,953
555	247	83,82,750,1200,307,1968,1438,364,1246,471
556	627	171,364,83,82,41,750,223,1968,199,337
557	728	750,665,924,307,82,83,41,608,1200,154
558	565	32,314,29,1041,665,924,154,26,253,41
559	87	83,82,364,5952,750,1200,1619,1035,1246,1968
560	649	74,82,83,364,1246,1968,924,41,750,337
561	171	83,82,364,1246,750,1968,223,1200,588,141
562	273	307,471,154,82,83,665,802,1619,2571,1438
563	343	154,665,29,307,32,314,50,296,778,371
564	443	171,101,7,364,82,83,41,1041,337,2070
565	434	154,307,50,47,953,149,1438,1060,665,471
566	585	5349,2340,3793,83,82,1968,1200,5952,750,307
567	956	364,2028,82,83,750,223,41,141,171,307
568	439	2028,236,1028,364,1,199,1968,171,223,41
569	51	82,83,123,110,1704,1968,1619,1200,5952,750
570	331	364,750,83,82,74,41,1200,1968,337,223
571	194	531,1208,924,83,82,74,1968,1438,1246,1200
572	794	1246,1200,1968,750,41,1438,1136,337,6,47
573	994	2,1020,1438,22,788,1257,372,83,82,1291
574	465	345,337,588,272,262,1208,83,82,446,1689
575	277	82,83,5952,1619,2571,58559,802,541,3949,750
576	957	82,83,364,1968,1246,1200,750,1619,5952,141
577	428	83,82,364,2333,2070,750,968,1246,899,223
578	391	83,82,750,364,1968,307,1200,471,141,1246
579	821	364,608,750,83,82,2028,899,1200,1968,223
580	532	83,82,364,1246,1968,750,74,610,141,223
581	706	345,337,588,82,83,262,6,924,750,272
582	438	10,180,161,83,82,588,1246,223,1968,610
583	166	83,82,364,1619,141,786,5952,1968,2571,750
584	467	83,82,364,750,1968,307,1200,1246,372,610
585	448	1208,924,616,1093,74,83,82,524,337,1689
586	928	307,1704,471,802,1438,1619,82,83,858,293
587	69	18,1968,74,1246,665,82,83,307,750,1200
588	129	2571,83,82,5952,1619,802,471,58559,6535,307
589	400	171,364,83,82,101,337,370,610,223,750
590	543	1619,802,2571,83,82,1704,178,5952,471,6535
591	97	955,215,608,1200,750,1968,41,364,307,48
592	661	154,665,307,750,924,778,296,1968,608,41
593	533	231,1702,1091,1041,41,307,924,1265,83,82
594	693	83,82,750,307,1200,1968,1246,364,1438,223
595	524	1031,1013,839,58559,82,83,6535,337,364,1619
596	312	750,364,608,83,82,899,1200,1968,5952,41
597	234	83,82,1035,364,1653,150,1968,750,1200,1246
598	264	178,1060,1619,83,82,58559,1246,5952,2571,802
599	239	74,41,83,82,1246,364,1968,1041,337,924
600	389	105,364,82,83,908,1396,198,106,610,246
601	869	1081,83,82,1200,106,1968,337,610,1246,246
602	63	4700,4447,3988,83,82,364,2959,1619,6535,337
603	635	1619,356,2959,5952,912,262,83,82,2571,1721
604	885	733,1210,5952,1286,260,3949,2571,608,955,899
605	982	1968,372,364,307,1079,11,39,1653,471,608
606	403	82,83,1619,364,750,307,471,5952,2571,1438
607	395	83,82,364,1968,750,1619,141,5952,1200,1246
608	779	665,1968,750,154,1200,41,588,307,471,82
609	907	82,83,364,1968,141,750,899,1619,5952,1200
610	459	364,1653,83,82,750,223,150,1246,337,11
611	509	1210,1286,260,608,5952,955,910,3949,750,733
612	10	307,750,471,50,83,82,1438,1200,608,665
613	361	1619,83,82,356,364,2959,2571,802,1270,1704
614	102	83,82,364,750,1968,1200,1619,307,141,5952
615	814	82,83,1968,364,1200,750,1246,80489,610,5952
616	77	364,82,83,750,608,899,1246,5952,2333,2070
617	848	236,1,2028,1246,13,262,1240,1028,1968,592
618	589	1961,154,471,307,2028,608,665,318,199,802
619	658	750,364,82,83,41,307,665,924,1968,372
620	50	750,364,1968,83,82,608,471,337,307,1200
621	750	1619,82,83,802,2571,471,307,364,5952,1704
622	771	1101,82,83,364,610,1035,370,750,372,3
623	951	215,82,83,1968,1200,924,1438,750,1619,214
624	518	83,82,34,1246,364,74,41,1968,262,858
625	293	154,307,665,471,296,608,802,750,1200,83
626	404	924,750,665,82,83,32,41,307,610,154
627	267	1200,307,1438,47,1968,750,215,608,1136,106
628	527	608,1210,260,1286,955,750,586,1136,899,364
629	817	83,82,364,1246,1968,750,223,1200,610,5952
630	793	750,364,608,41,83,82,1968,1200,307,665
631	45	82,83,1619,364,5952,1200,2571,924,58559,1968
632	977	82,83,364,908,1619,1035,5952,58559,750,1200
633	938	82,83,364,74,908,28,337,58559,62,1619
634	569	1210,1286,260,3949,910,5952,1136,608,955,1196
635	769	665,750,83,82,307,154,924,1200,608,364
636	812	665,750,924,154,32,41,307,608,314,26
637	952	82,83,1619,364,750,5952,1200,1704,2571,802
638	216	2070,2333,2028,236,968,1028,364,592,1,82
639	759	140,307,282,1208,82,83,74,1438,1619,471
640	320	750,307,665,1200,924,154,82,83,608,1968
641	261	1041,32,41,154,665,199,314,29,253,26
642	946	471,802,1619,1438,307,1704,2692,1221,914,318
643	38	307,50,1438,750,471,154,953,372,608,1200
644	418	82,83,1246,364,588,1968,750,610,223,141
645	510	83,82,1619,364,307,924,1438,750,802,2571
646	181	307,1246,82,83,750,1200,1968,106,1438,223
647	82	171,2028,364,1265,2571,1028,236,101,1619,858
648	364	34,41,58,1041,171,307,28,2028,82,83
649	249	608,750,1200,2028,364,1968,1136,307,1246,955
650	703	83,82,364,1246,858,141,1619,2571,1968,5952
651	394	750,1136,364,608,910,1200,1968,82,83,955
652	945	74,1968,82,83,750,364,41,1246,1200,924
653	576	665,154,750,307,924,26,32,608,41,1200
654	167	83,82,364,750,1968,1653,1200,5952,1035,610
655	288	82,83,1438,307,471,1619,1246,1200,750,1968
656	80	83,82,364,1246,1968,750,1200,223,307,610
657	240	82,83,364,1968,1619,1200,106,307,750,5952
658	356	307,41,1041,106,246,50,34,154,1438,171
659	289	1619,471,802,2692,2571,1704,307,527,83,82
660	889	83,82,66,364,1968,1246,307,41,337,750
661	591	123,1200,750,1968,1438,471,83,82,372,307
662	73	74,337,82,83,471,1246,6,112,1968,41
663	763	1035,364,82,83,1653,150,5952,750,910,1619
664	25	74,82,83,364,2070,2333,924,1246,968,610
665	245	307,154,665,83,82,750,1968,608,1200,296
666	816	85,58,466,307,608,364,223,610,370,204
667	427	364,82,83,1246,171,1968,750,41,1200,2070
668	113	154,307,322,296,371,665,778,1017,224,1200
669	895	227,316,608,500,364,899,955,750,1028,1968
670	237	1257,1291,364,83,82,750,1968,41,372,307
671	645	74,41,1041,1246,34,21,1968,82,83,924
672	795	83,82,364,1246,223,750,1968,610,1200,899
673	160	199,1,2028,1041,41,30,1028,364,223,253
674	893	364,17,28,74,171,223,83,82,337,58559
675	24	471,307,802,1619,2571,1704,1221,2692,1438,5952
676	818	1101,3,370,364,369,82,83,610,750,1035
677	70	307,471,50,750,1438,372,83,82,953,1041
678	921	85,58,466,307,154,364,2028,223,296,608
679	408	83,82,364,1968,750,1200,1619,5952,1246,141
680	730	47,307,1438,1136,1200,154,750,372,665,50
681	121	106,1619,246,5952,162,2571,82,83,802,58559
682	62	82,83,307,471,1200,750,1438,1619,1704,1968
683	125	19,1246,592,2333,2070,968,82,83,364,74
684	396	1,2028,1028,171,236,199,1240,364,1073,41
685	480	74,171,1041,83,82,364,41,924,337,1246
686	351	307,83,82,750,471,1200,106,1438,364,1619
687	156	262,13,1246,34,1968,41,36,750,1200,924
688	143	2028,199,364,41,608,1,750,171,223,1028
689	697	364,82,83,2028,750,608,1968,223,899,1246
690	967	74,750,1968,82,83,665,924,364,1200,307
691	219	1619,802,2571,83,82,471,307,914,908,318
692	740	307,750,1200,1438,82,83,1968,106,608,471
693	411	2070,2333,968,83,82,364,899,74,750,924
694	482	83,82,750,364,1968,1200,41,307,924,608
695	95	236,1028,364,2028,1073,2070,2333,83,82,1
696	477	364,82,83,2028,750,608,223,1246,899,1968
697	968	83,82,364,1246,750,1968,141,223,1200,41
698	390	83,82,364,1035,1619,1653,150,5952,750,1200
699	651	345,588,337,82,83,750,912,471,307,924
700	741	364,83,82,750,1246,1968,41,2028,223,171
701	226	83,82,364,1246,750,1968,223,1200,141,588
702	29	665,83,82,610,147,1968,73,364,1246,588
703	789	154,471,307,1438,802,665,318,1221,6,858
704	464	1210,1286,260,5952,3949,910,1196,733,955,2762
705	526	345,6,337,112,106,16,246,94,74,272
706	528	4,83,82,1968,364,920,227,608,1257,585
707	558	83,82,1619,802,2571,1689,471,307,1438,914
708	710	750,1438,364,41,912,1136,1200,83,82,899
709	21	1619,83,82,471,802,2571,307,58559,1704,1438
710	653	364,2028,82,83,608,171,1028,199,750,1968
711	214	82,83,364,1619,141,750,5952,1704,1200,2571
712	550	307,750,1200,1438,1968,1136,608,83,82,47
713	323	41,1041,750,1438,364,903,1968,337,471,83
714	941	364,2028,1028,199,2333,2070,82,83,750,899
715	352	307,750,665,41,924,1968,364,1041,372,83
716	492	82,83,364,1619,1968,123,1035,1200,5952,908
717	335	5952,2571,471,733,802,608,1221,260,1210,1619
718	866	106,246,74,83,82,1968,307,1200,16,364
719	338	82,83,364,924,750,1968,1619,1200,307,610
720	798	750,83,82,364,1968,1200,307,608,665,924
721	911	41,199,1246,364,2028,223,608,750,1968,337
722	933	41,83,82,924,750,665,307,364,1200,141
723	714	74,29,924,83,82,41,1968,665,750,372
724	195	307,50,750,471,953,1438,372,83,82,1200
725	256	11,1653,364,150,1035,82,83,608,750,2028
726	98	2028,1028,364,236,171,1,199,83,82,858
727	678	50,750,1060,300,307,953,1200,154,475,372
728	490	106,246,62,34,1035,83,82,364,1619,208
729	345	307,106,246,154,750,1200,1438,608,29,50
730	595	83,82,1968,123,1200,110,364,750,1704,5952
731	287	262,446,1619,82,83,2959,356,364,6535,337
732	790	665,154,307,750,924,1200,82,83,778,608
733	752	1028,1,2028,199,171,1240,364,236,1073,608
734	767	924,665,750,41,83,82,74,307,1200,364
735	828	1101,364,83,82,370,3,610,369,750,1035
736	990	1619,5952,2571,82,83,802,471,307,750,608
737	863	83,82,74,364,2571,1619,908,1265,858,106
738	809	364,750,608,2028,1968,82,83,171,2070,2333
739	60	58559,82,83,1619,541,1968,364,1200,1131,5952
740	90	2028,1,199,1028,364,608,171,1240,223,30
741	371	83,82,1968,1246,364,750,1200,588,5952,610
742	32	750,83,82,307,1200,1246,1968,1438,364,610
743	622	1653,1035,150,364,82,83,1265,1246,1968,750
744	630	171,101,1041,7,41,337,364,199,14,74
745	621	750,41,924,82,83,665,307,1200,364,608
746	382	123,1136,520,1286,110,3949,1210,1196,750,910
747	75	364,2070,2333,2028,82,83,899,968,1028,171
748	786	83,82,364,1968,610,1246,1200,750,1619,58559
749	469	236,1028,171,1,199,2028,2333,2070,364,253
750	640	83,82,1246,364,1619,1438,858,2571,471,74
751	221	2028,364,608,1,199,1028,750,223,1968,899
752	662	1438,83,82,307,1619,471,1200,58559,1704,802
753	782	1285,2186,58559,1848,912,1968,1208,6535,82,83
754	203	750,608,1210,1286,912,910,1136,260,665,172
755	265	364,750,83,82,307,471,608,141,1200,223
756	835	199,1,2028,1028,608,171,41,236,2070,2333
757	457	307,106,246,154,1200,750,608,16,1438,47
758	141	82,83,364,1968,41,1246,1200,34,750,1619
759	151	589,665,924,32,314,76,750,80489,41,26
760	341	82,83,924,750,141,364,665,1438,41,372
761	712	262,13,34,82,83,1968,524,1246,41,1200
762	433	83,82,364,610,750,1246,141,5952,1968,2571
763	414	171,364,2028,101,41,236,199,83,82,1028
764	724	6,1246,337,1968,41,112,82,83,750,345
765	608	750,83,82,1968,665,1200,364,307,608,1246
766	859	83,82,364,106,750,246,1968,1200,307,223
767	899	154,665,32,750,1200,307,1968,314,47,215
768	751	307,372,471,83,82,50,750,364,39,69
769	801	74,106,246,1246,83,82,1968,16,364,2333
770	592	171,82,83,364,74,41,101,337,1619,858
771	943	408,1619,356,2959,82,83,170,1721,858,364
772	953	82,83,364,1968,750,74,1246,1200,1035,1653
773	334	665,750,924,41,307,154,83,82,1200,608
774	978	1438,750,307,471,50,1200,83,82,372,953
775	200	82,83,364,1246,750,1968,1200,5952,41,1619
776	680	41,1246,1041,1968,199,171,364,750,82,83
777	272	307,47,1438,1136,1200,1704,154,750,372,149
778	145	552,7153,48780,6535,74688,5349,72378,72630,59315,1270
779	515	1060,50,953,1089,307,58,178,306,898,471
780	735	1286,1210,260,1136,3949,608,5952,955,910,1196
781	376	82,83,307,1438,471,1200,1619,802,750,5952
782	488	82,83,750,364,41,1968,1200,1619,1438,903
783	940	74,364,83,82,41,1246,1968,337,750,1653
784	254	1968,500,480,154,665,74,1080,608,471,227
785	56	1619,82,83,5952,2571,2959,912,750,541,58559
786	487	1091,1702,231,1041,41,307,83,82,924,750
787	378	471,50,83,82,1438,307,750,802,1704,953
788	109	1968,1200,750,1246,106,364,82,83,41,246
789	639	1079,82,83,1246,1968,1200,610,337,541,1036
790	213	1041,41,750,924,1968,83,82,1438,364,74
791	534	1035,82,83,1097,1619,364,5952,6535,58559,2571
792	655	6535,1035,165,1619,1270,83,82,58559,1246,337
793	997	364,41,750,1968,171,199,1246,608,337,223
794	228	750,307,1200,1968,83,82,1246,1438,337,471
795	478	82,83,1619,1968,1200,750,1704,5952,364,307
796	303	4226,3948,5349,2340,3793,58559,6535,1619,2571,83
797	574	2805,82,83,1246,74,58559,1968,610,364,924
798	426	10,83,82,161,180,588,153,1246,1704,610
799	718	83,82,364,786,5952,1619,141,750,899,2571
800	749	750,364,608,41,82,83,1200,1968,307,899
801	170	318,914,802,2571,1221,1213,3578,1265,1619,471
802	702	364,83,82,1968,750,1200,1246,608,141,307
803	354	1968,82,83,364,1246,1200,750,608,5952,1619
804	807	364,750,82,83,608,1968,307,1200,41,223
805	708	1653,82,83,364,150,1035,1968,750,1200,5952
806	611	199,2028,364,2070,2333,171,41,1,968,899
807	612	29,74,665,924,750,307,41,372,83,82
808	783	307,1619,1438,802,1704,83,82,471,1200,750
809	304	1246,1968,750,364,223,307,83,82,1200,6
810	536	154,1286,608,665,1210,1136,750,260,910,296
811	668	83,82,1619,58559,750,1200,364,5952,541,1968
812	370	82,83,364,141,899,2028,588,750,2571,5952
813	753	110,1704,123,471,307,1968,1200,154,293,1438
814	913	1059,1127,1210,912,750,1246,364,1200,5952,1286
815	105	82,83,364,1968,750,1200,1619,141,5952,1246
816	865	83,82,364,307,1968,750,372,1257,41,1291
817	298	74,36,1968,750,41,924,82,83,364,1246
818	726	6,41,337,112,106,1246,1968,1041,345,246
819	837	171,101,7,1041,41,924,32,199,314,36
820	58	1101,364,83,82,370,610,3,369,750,105
821	188	2028,1028,364,83,82,608,110,1,1968,1704
822	11	82,83,307,471,1619,372,750,1200,1438,1968
823	421	1210,608,260,1286,955,3949,5952,750,1136,899
824	781	83,82,364,141,1246,924,750,1438,2571,610
825	872	83,82,364,2333,2070,1246,750,924,74,610
826	33	83,82,307,154,1968,665,1200,364,750,1619
827	204	1653,150,1035,364,83,82,11,349,223,1257
828	575	1968,750,955,1200,364,82,83,608,307,215
829	888	11,1653,364,150,750,608,223,307,1968,1200
830	110	307,750,82,83,471,364,1619,608,1438,802
831	150	82,83,1035,1653,364,150,1968,1246,1200,750
832	541	364,82,83,750,1246,1968,41,1200,141,223
833	83	750,1246,372,82,83,22,1968,788,364,924
834	413	1619,2571,802,82,83,2692,364,5952,914,356
835	825	1619,802,471,2571,2692,1704,83,82,307,914
836	508	74,364,82,83,1246,1968,2333,2070,223,2028
837	369	2028,1028,199,1,364,171,236,608,41,1073
838	260	1286,1210,260,910,3949,608,5952,955,1136,733
839	71	307,83,82,471,1619,750,5952,2571,802,608
840	106	83,82,1246,364,74,1968,41,223,750,1200
841	567	364,1246,82,83,1968,750,41,223,1200,337
842	68	750,83,82,364,1200,307,1968,471,1619,924
843	561	2028,106,246,364,171,16,1,223,608,1028
844	525	74,1246,1968,82,83,106,858,337,246,924
845	910	41,1041,364,83,82,924,750,307,253,372
846	116	123,83,82,1704,110,1619,750,5952,1200,1968
847	147	1246,82,83,364,74,1968,337,106,223,858
848	600	154,665,47,307,32,750,215,1200,1968,1438
849	14	307,471,154,83,82,1619,1438,1704,802,665
850	805	83,82,364,750,610,141,1246,5952,899,223
851	546	154,307,665,1968,1200,750,82,83,296,471
852	317	1388,446,1655,548,1801,207,262,1566,58559,1257
853	198	750,337,364,610,372,82,83,223,608,908
854	638	83,82,364,1246,1968,750,610,1200,5952,141
855	344	47,307,154,1136,1438,106,1200,246,750,149
856	424	364,750,608,82,83,1246,899,5952,1200,1968
857	975	1210,5952,1286,260,3949,608,750,910,955,1136
858	657	307,154,1968,1200,750,83,82,608,471,778
859	349	356,2959,1682,1619,1721,364,4973,170,262,82
860	971	82,83,236,104,74,924,364,610,2333,2070
861	342	750,82,83,471,307,1438,364,1200,41,1968
862	832	750,665,924,307,41,83,82,1968,1200,364
863	123	82,83,123,364,750,610,1200,5952,924,1246
864	373	28,1041,41,364,750,199,608,82,83,924
865	454	29,665,154,307,41,750,74,924,372,1041
866	965	154,665,307,1968,296,1017,778,83,82,1200
867	379	83,82,364,2333,2070,750,1246,610,223,106
868	270	82,83,236,74,104,364,1619,1246,123,2070
869	690	82,83,750,364,1619,5952,899,608,1200,2571
870	242	82,83,364,750,1200,1968,955,608,215,5952
871	284	1246,83,82,1968,41,364,337,74,750,1200
872	158	74,41,1246,83,82,1438,924,1041,364,858
873	199	19,2070,2333,968,74,82,83,924,13,236
874	522	802,471,307,1619,2571,1704,82,83,1221,914
875	902	750,372,82,83,471,924,74,364,307,665
876	135	154,307,665,1968,83,82,471,1200,750,296
877	248	1619,83,82,364,356,1035,2959,750,2571,337
878	499	1968,82,83,1704,1200,5952,471,110,1619,123
879	42	427,540,58559,83,82,6535,1619,1208,471,446
880	466	16,106,246,94,74,307,1968,1200,665,337
881	506	83,82,364,1619,610,5952,750,1035,2571,141
882	566	1101,364,82,83,370,3,369,610,750,105
883	337	750,82,83,307,1200,471,5952,608,364,372
884	119	83,82,1035,364,1653,150,750,1200,1968,1246
885	909	364,83,82,750,1619,1200,608,2028,5952,1968
886	201	74,82,83,364,924,1968,1246,41,1619,471
887	2	110,123,151,349,786,1968,1704,236,457,293
888	892	364,2028,608,199,750,82,83,223,899,1968
889	803	2028,171,199,364,41,236,1028,1,2070,2333
890	765	82,83,1246,364,1968,750,337,41,1200,223
891	778	180,10,82,83,588,1246,223,41,161,788
892	79	307,154,149,50,47,1438,953,750,665,1200
893	131	1653,1035,150,11,364,82,83,1968,750,610
894	962	83,82,364,610,1246,750,924,74,2070,2333
895	276	1968,82,83,1619,1200,364,74,471,5952,1246
896	149	83,82,610,1246,364,1200,58559,1968,750,1619
897	820	471,307,337,1438,112,106,82,83,1246,858
898	773	364,2028,750,608,199,370,223,1,3,58
899	365	7153,2571,48780,72630,72378,59315,33679,6535,5952,1270
900	999	74,25,2070,2333,236,968,1246,1968,36,1028
901	294	1041,41,912,1208,111,750,1438,337,903,215
902	905	83,82,364,1246,141,750,610,5952,2571,588
903	357	83,82,364,1246,41,1968,750,141,1200,74
904	529	307,750,83,82,471,608,1200,154,5952,665
905	722	364,82,83,1246,750,1968,2333,2070,74,924
906	573	307,471,1438,802,364,306,2028,1619,750,318
907	118	1041,41,236,199,1246,1028,13,74,28,592
908	281	1704,83,82,307,1619,293,802,471,110,50
909	571	1619,83,82,2571,802,5952,471,1704,364,750
910	124	74,83,82,364,924,750,1619,1968,610,372
911	30	1080,500,1968,480,608,227,337,1246,215,920
912	942	83,82,665,750,364,924,610,1619,899,608
913	985	83,82,22,364,2,788,446,924,750,610
914	99	215,41,1041,1438,1208,1968,924,1257,83,82
915	901	364,83,82,750,1968,141,1200,1246,41,307
916	302	1041,199,1,47,608,41,30,2028,18,171
917	652	82,83,178,2,1020,524,2571,1438,58559,1619
918	313	82,83,2333,2070,968,1246,74,610,364,924
919	184	2692,527,471,1175,1704,2571,1619,802,293,5952
920	815	924,750,83,82,74,364,2070,2333,968,610
921	700	83,82,364,307,1968,223,750,1246,471,1200
922	682	82,83,610,337,924,1200,1619,307,1968,1246
923	405	171,364,82,83,101,41,337,858,7,141
924	915	82,83,74,364,1246,750,924,41,1968,223
925	66	82,83,1246,372,610,1968,307,364,471,223
926	557	47,307,154,50,1136,1438,149,1200,750,953
927	282	1274,5072,5618,1246,1968,1081,307,82,83,610
928	802	74688,78316,74450,1208,74,58559,83,82,924,337
929	275	83,82,5952,750,364,3949,1619,2571,1210,541
930	605	83,82,1246,364,1968,34,41,74,1200,858
931	46	588,83,82,161,364,471,610,141,750,1704
932	186	750,364,608,1200,82,83,1968,307,223,1246
933	67	83,82,1257,750,364,307,1291,141,955,524
934	311	82,83,588,307,364,471,337,1438,1619,750
935	873	235,508,1208,912,82,83,1246,58559,1438,6535
936	894	16,106,94,246,154,74,307,471,665,1968
937	535	232,17,28,74,58559,908,82,83,171,230
938	681	750,608,910,1136,1210,955,1286,215,260,912
939	632	364,123,83,82,750,1246,74,2333,2070,1968
940	964	364,2028,1653,150,83,82,608,223,1035,1028
941	616	74,82,83,1246,364,2333,2070,924,750,13
942	628	82,83,364,1035,1968,1653,1246,1200,750,150
943	410	1200,1968,1136,750,307,82,83,1438,1704,1246
944	174	750,41,1438,1041,471,912,337,1200,903,608
945	215	37,38061,48774,96610,74228,82,83,1246,178,610
946	996	1619,82,83,802,471,2571,307,1438,1704,914
947	172	1619,83,82,356,2959,364,802,2571,1704,1270
948	562	802,1619,2571,318,914,471,1221,307,1213,1704
949	864	82,83,364,1246,337,750,6,1968,1200,610
950	716	83,82,106,364,246,1246,1968,223,337,858
951	551	171,199,32,608,1,154,253,2028,41,750
952	252	83,82,1968,750,1200,5952,364,608,541,1246
953	399	74,924,25,1968,1246,1041,82,83,41,364
954	420	471,83,82,307,1619,74,750,2571,802,337
955	851	41,1438,1968,471,364,1200,337,82,83,1619
956	153	1619,802,1265,318,914,2571,3578,83,82,908
957	144	314,750,924,665,41,215,83,82,1200,32
958	705	2028,364,608,750,199,307,223,141,471,82
959	785	364,2028,82,83,1028,236,171,41,1246,34
960	670	2028,1,1028,364,199,236,608,2333,2070,899
961	745	1246,661,1286,1210,5952,1968,82,83,58559,3949
962	927	83,82,364,1246,750,1968,223,610,1200,5952
963	949	1286,1210,910,260,3949,5952,1136,608,1196,2762
964	475	83,82,1619,2571,5952,471,802,1968,1200,364
965	947	6,345,112,337,41,1246,223,1968,750,364
966	18	83,82,1968,307,471,665,154,588,1619,141
967	74	10,161,180,588,83,82,23,345,1079,223
968	934	83,82,364,750,5952,1619,610,2571,141,1200
969	755	1968,1200,1246,750,123,83,82,307,293,1704
970	138	2333,2070,968,82,83,364,899,750,74,924
971	180	58559,48516,1619,83,82,541,1131,6535,2571,5952
972	932	1968,1200,82,83,750,608,912,910,5952,1208
973	483	1059,1127,1210,912,1246,1286,750,910,1200,337
974	643	19,1246,2333,2070,74,968,82,83,610,364
975	104	83,82,364,307,750,1619,1200,5952,1968,471
976	656	446,548,262,1388,82,83,58559,364,207,337
977	917	1968,1246,18,82,83,364,750,74,1200,307
978	468	83,82,750,471,1200,307,364,1438,1968,1246
979	841	39,595,202,364,57,58,307,339,223,253
980	991	1093,1208,616,924,74,82,83,830,337,58559
981	134	82,83,1968,364,1200,750,106,1246,307,5952
982	584	1619,82,83,364,356,2959,2571,802,750,5952
983	878	82,83,364,2959,356,1619,262,6535,4973,1257
984	521	924,41,750,1041,82,83,665,32,372,26
985	407	1101,3,370,369,1246,1210,608,1286,260,364
986	788	750,608,83,82,364,5952,1200,899,1968,955
987	701	750,665,924,307,82,83,41,1200,372,608
988	963	1041,41,903,111,1438,750,912,1208,215,471
989	617	83,82,1619,307,364,2571,1265,5952,802,750
990	393	1689,83,82,524,337,1619,58559,1208,2571,307
991	954	154,307,471,665,1221,802,296,318,914,1438
992	315	82,83,74,41,1246,364,1968,1200,750,924
993	36	171,2028,364,41,1028,236,1968,199,82,83
994	187	83,82,74,2333,2070,924,1246,750,364,968
995	208	154,307,665,471,750,1438,83,82,296,50
996	401	1060,178,50,953,471,802,1438,1221,1704,372
997	422	74,83,82,924,1968,1619,337,1246,364,1208
998	517	1201,48774,38061,96610,74228,1208,924,83,82,1136
999	89	171,101,82,83,364,2070,2333,337,610,858
